-25.223,-6.4932,32.37,0.41497,-2.846,8.363,1.3834,13.645,-7.7841,-7.512,0.15128,0.83343,3.1694,-4.446,5.897,2.6964,-3.17,-1.6655,-2.076,3.745,-1.8687,1.1097,2.6807,-3.6968,3.1381,7.7803,4.5643,2.0248,-3.4448,-4.0301,-2.2245,1.0434,2.0148,-2.5189,5.9345,-3.9798,-0.020308,2.5506,0.73002,-3.3356,0.32067,1.4618,5.0739,3.6769,-1.9748,6.1073,4.1316,0.64633
-43.024,1.9975,3.5789,23.178,-27.846,6.758,6.4463,3.2571,-9.8401,-3.8121,8.8285,-12.762,-3.3135,8.2003,7.6928,-1.7006,-1.1736,-9.5948,6.4534,3.8071,-3.7561,-7.5042,-7.9055,-7.9333,-3.0693,-7.0305,-6.9028,4.7935,3.9053,-7.2342,-3.7025,1.8571,-0.99579,-1.0863,7.2894,6.7538,3.2731,1.7789,-3.0949,0.7329,-3.2097,0.024085,0.42557,3.5217,3.3137,-5.2766,-1.0175,-1.3567
-34.529,6.8285,20.278,-4.6879,-13.24,22.126,4.7094,14.496,-4.0304,-3.1506,1.2511,4.2754,3.9462,0.23081,7.8385,2.1365,3.1892,2.0123,2.7725,-3.0737,-1.6388,-3.7434,6.8474,-5.149,-3.7415,1.9307,2.1746,-8.848,1.3919,-3.9754,7.7615,-1.3087,-5.7884,1.3748,5.7131,-1.0769,-3.4901,-3.8357,1.9002,2.103,0.26221,3.1303,-2.7383,3.7486,8.177,-1.8878,5.6852,2.9802
-4.3024,14.802,21.448,2.6585,5.2738,5.5078,6.7477,7.1052,9.1108,1.2968,-0.78531,2.6044,8.3914,10.411,6.9457,8.6089,-0.011571,-3.7914,-4.19,-9.6235,-6.7913,4.602,5.3909,5.9051,-2.6158,3.632,-7.0949,3.055,4.5197,4.156,-8.1002,0.94439,3.8834,-0.2448,0.26633,-0.7866,1.9326,1.0675,0.22732,1.3272,2.9425,1.3515,1.1641,-4.4093,-3.1132,-1.1137,0.11202,-0.25329
-4.553,11.445,24.929,-3.4438,-2.8578,5.0626,8.8417,5.5836,0.33299,5.2269,5.5967,-4.3083,5.3489,7.565,8.1502,5.5785,3.5779,-2.7349,-6.2726,-6.2851,-2.5709,4.263,1.197,3.2142,-1.0082,0.64022,-8.0897,-3.013,3.0685,7.6585,-2.7093,3.5628,-2.697,0.64803,0.28677,-3.4884,1.1213,-4.1427,2.7196,-1.9383,-4.3117,-1.2562,0.27345,5.0558,-2.1815,-0.63087,0.67591,2.3368
-5.7059,15.595,20.457,-3.2721,0.68156,7.2703,7.7716,9.7808,4.501,5.1762,3.1858,-1.8436,7.8535,11.436,5.344,6.4799,3.7696,-2.5062,-7.3789,-8.8398,-3.6263,6.2678,4.6634,7.236,-4.8926,3.7111,-7.3866,-0.6265,3.1633,3.4147,-4.4987,-0.18293,1.2303,3.6421,-2.3095,2.1551,2.8073,-2.4154,0.47021,-0.23793,-1.9044,2.4539,0.73308,0.15449,-4.3401,0.66731,-1.3084,3.1224
-4.7294,-7.4078,-10.771,-4.1979,12.588,-12.231,-4.5378,-0.75261,-7.78,4.3736,11.626,5.7015,1.2031,-5.9868,-0.1649,1.8484,9.8706,-0.32927,4.8943,1.6805,-4.3701,0.47307,-3.5823,-0.62366,-2.5688,4.6585,5.0533,-4.6639,0.56627,3.2994,-0.22039,2.1856,-1.3316,2.0015,0.25485,-4.6134,-1.8393,6.1292,1.6261,-0.68989,0.2622,-0.61599,0.40435,-0.57228,2.4569,-3.6726,-2.3007,-2.6554
-4.9562,-8.6608,-12.08,3.3887,20.09,-6.1338,-4.504,-4.8643,-11.756,8.7648,2.065,-2.8948,-0.17269,0.25565,-8.3623,7.1793,13.703,-4.0672,8.3514,-5.1943,-1.4384,-1.8763,0.36336,-4.3764,-1.5062,4.1733,4.5663,-4.2449,4.303,0.78778,1.9076,0.27465,-0.27091,1.8496,1.1998,-0.68094,0.72136,1.807,-0.95112,-3.1246,3.3807,3.0922,-1.1704,0.21308,-1.903,3.7012,-2.5288,-1.0668
-6.7775,-7.7469,-9.5401,2.6011,21.569,-5.2248,-3.944,0.25681,-12.822,9.4588,4.3387,0.39762,1.5204,-0.90079,-3.1574,8.5156,12.417,-4.0505,6.2353,-2.9424,0.20603,-2.6123,0.093088,-5.3585,-1.1749,4.7227,0.78255,-3.843,2.4712,-2.6174,3.7302,2.6709,0.20064,0.3152,4.5518,0.2192,0.50139,2.1652,-2.1847,-6.1139,3.9049,2.9957,-1.7158,1.0787,-3.7484,-0.2855,-3.0289,-0.65557
-4.6969,-11.328,-3.3017,-8.8514,-2.7103,-13.353,-9.584,8.8295,-3.0378,1.1856,-2.1069,-7.1458,3.7679,1.5933,2.5286,-14.873,-9.4119,2.3203,-4.0507,-0.50013,2.1611,2.3065,6.6522,2.7406,0.82821,-2.096,0.5526,-0.31982,-1.331,-9.2288,-0.70344,-0.6231,-0.48388,1.9739,2.0417,1.3337,3.2728,1.6689,-1.8196,-4.5276,1.2068,-0.64243,0.76505,0.36133,-2.9153,1.0525,-0.57541,-6.0878
-2.6077,-8.2965,-0.95722,1.9947,8.6581,-15.081,-0.67376,2.9646,-17.514,6.7274,-0.49561,-3.5961,4.2814,9.7279,5.4056,-7.175,-5.0187,6.7195,-6.2459,-4.6274,3.1447,1.1205,3.0807,-1.2251,3.2374,-1.853,-3.2942,1.9524,-1.9409,-4.4636,0.39907,0.22301,1.6329,-4.3831,-0.41304,-3.0719,3.9858,0.56851,4.0276,2.6726,-2.1622,0.33165,-1.3952,1.9364,-1.7352,-12.063,-1.3513,-3.3744
-3.5781,-4.5806,-2.8824,-9.0619,-2.6567,-14.919,-11.642,10.171,-5.2293,0.5734,-9.0374,-8.816,-0.36023,1.3271,3.7296,-13.189,-4.9834,-2.1702,-3.2031,4.3931,4.2538,2.1099,7.1902,5.0172,0.42413,-6.3262,0.14702,0.51143,-1.1551,-4.2009,-2.8995,2.5437,0.21885,0.92868,2.7363,-0.45151,1.5818,2.8079,2.3484,-8.6108,1.4712,1.2727,4.8576,0.67544,-4.4852,3.6643,4.4122,0.74205
-16.967,-2.2338,-23.197,-1.3464,-21.502,-0.24945,-1.501,3.243,5.9054,1.2383,-5.253,-8.4937,0.10347,0.63339,3.6539,-0.64158,10.284,1.9877,-0.2168,-3.4254,4.6346,-1.0176,-3.2807,4.6558,-0.55207,-1.6208,3.6785,-0.72104,3.0292,0.94652,-4.9868,1.3587,4.6358,-4.0386,2.3371,-2.9437,-1.6312,-3.8762,-3.0115,-5.1775,3.25,-1.8038,1.9784,2.0049,2.0561,5.2197,0.11303,1.2647
-19.151,-5.2652,-20.369,-2.6546,-17.091,-3.9997,2.5825,2.0382,2.0149,-1.2099,3.9517,1.0131,1.6599,1.8356,0.6602,-0.15797,5.8717,9.1651,-0.92819,0.48302,-1.8767,0.27172,-4.9641,3.9471,1.5824,-0.27329,4.3083,-5.0896,-1.4715,2.0507,-3.2726,4.6147,2.3595,-1.6686,4.9336,-1.6913,0.30909,-6.2437,-1.9315,0.30225,-0.29394,-0.79229,2.0644,-2.2703,1.6155,-1.0779,-2.1058,-1.1672
-20.346,-10.345,-19.283,2.2286,-13.033,-1.5563,6.549,-0.012639,0.5944,3.0898,1.0153,-2.1839,-0.63431,5.5399,2.8249,4.2853,4.7483,9.0484,2.0025,0.62963,-1.0681,-4.0224,-5.4528,4.5361,5.527,0.71959,4.0127,-5.8029,0.47306,-1.465,-3.1341,4.1992,-1.7227,-0.59265,1.152,-3.0193,1.1693,-2.9456,0.21049,0.17349,2.6921,-1.6035,4.3092,0.13955,3.3755,-0.48791,-3.043,-5.1158
-13.253,-35.985,-10.102,13.847,-17.674,8.2854,6.5441,-13.209,-5.6131,-9.4112,-1.6358,-0.44523,-3.6943,-1.8757,-0.41029,-3.3965,5.4114,-1.8846,-1.1572,2.7065,-9.9484,-2.0134,-0.21597,3.8992,1.226,4.2065,-2.1513,4.0338,2.8566,-0.43743,2.3808,0.71014,-0.63896,-2.0401,-5.3975,3.3842,3.4267,3.8351,5.0048,-0.95586,2.6767,-0.14092,1.6498,0.78599,-2.3469,-0.035878,2.5374,-1.52
-11.024,-33.914,-12.239,14.102,-21.372,12.92,6.0601,-12.901,-5.5972,-9.064,-2.9514,2.7153,-2.9048,-7.2013,2.0417,-4.5612,3.0084,-2.9713,-2.1757,0.58835,-9.9066,-1.4524,-0.8749,3.9211,4.4323,2.7655,-0.47306,4.2161,2.3007,0.87164,1.5507,2.2885,0.62118,-0.98187,-1.8753,0.43153,0.72157,2.5345,4.5006,-0.87982,1.4665,0.65601,1.6996,-2.5357,-1.6141,0.61765,0.58087,1.4236
-15.254,-34.867,-8.8929,11.302,-16.005,7.8285,1.5377,-13.687,-3.0322,-10.839,0.63029,-2.129,-1.846,-3.0431,-3.0012,-4.6862,4.8507,-0.89133,-2.0269,3.3096,-11.918,0.63831,-3.0543,4.4818,-2.3971,5.0402,-1.677,2.3147,2.0235,2.297,1.8206,0.23458,0.97908,-1.196,-1.6347,4.0768,5.8405,0.098589,2.3253,0.54126,0.58917,0.88844,-0.055231,0.55945,-1.2298,2.6625,4.0658,-2.4706
-5.5385,-13.772,17.053,3.237,19.502,11.47,1.4327,-17.922,14.43,-3.2704,12.196,-4.8407,1.6342,0.27534,0.26334,4.9963,0.29712,2.1822,0.86441,9.4815,7.107,-0.38685,6.6017,4.3816,2.0886,-1.6925,-2.7678,-2.7385,-2.6491,-0.74114,0.40884,-3.6178,1.9542,1.937,1.4878,2.0687,3.7017,5.886,-0.18005,0.051226,0.89175,-4.7276,-0.66651,3.145,1.3292,2.1304,-1.1311,2.5021
2.9409,-2.5038,14.115,-0.022881,16.968,5.3618,-3.4547,-18.517,11.124,-2.7948,9.3265,-6.7104,5.2919,-4.4393,5.2877,0.86658,5.2617,8.8563,6.6704,5.8028,3.6208,1.999,8.7267,1.6645,4.2177,0.72895,-0.098138,-2.8156,-7.6087,0.080144,-2.5813,-2.3589,0.080695,-1.9105,-1.5524,0.56384,-0.20821,2.257,-3.8971,2.8664,4.9162,0.074669,4.5877,1.001,-2.7506,-2.5646,3.3109,2.4937
-9.8096,-14.952,20.467,2.9362,13.406,8.2219,-3.8057,-18.936,15.697,-4.1451,12.877,-6.27,2.5947,-2.7941,0.12248,4.9144,-1.1718,4.0044,0.5459,9.4948,3.8489,-0.88411,3.5365,1.73,2.9034,-0.53289,-2.6427,-4.7084,-2.7601,0.42817,2.3493,-5.5931,0.83132,-0.61261,1.6761,-2.3508,4.5082,2.1366,-0.90661,-0.13448,-0.87374,-2.2918,0.3928,5.5763,1.3422,-2.6176,-0.67424,1.8791
-9.2001,-10.794,18.953,-29.135,-22.282,6.6594,-13.247,-5.7966,-1.3301,2.3366,-2.0956,9.5015,0.11228,9.97,-11.729,2.6654,-6.5692,2.2246,0.9067,5.5186,5.1431,-2.6155,-0.86094,-9.0686,-2.3118,3.1579,-3.3293,2.1774,6.6608,-2.5478,-3.287,-1.2881,-5.8313,1.5633,-2.6726,-1.7016,-3.5553,2.7836,1.2527,-2.412,4.9277,2.428,1.7724,0.43107,-1.2001,-1.2469,-0.84103,-0.98806
-5.4696,-5.924,16.958,-33.589,-21.017,8.0126,-13.365,-10.407,-2.8678,2.1715,-2.3136,11.964,3.235,8.1972,-10.731,4.0019,-2.7588,4.2553,-1.6399,2.4584,3.1683,-0.00041045,-0.79306,-7.9317,-5.8314,3.6133,-3.7876,0.46769,5.296,-0.42121,-4.5952,-0.89266,-3.0197,-1.9838,0.53536,0.024493,-2.1019,0.43832,-0.80307,-0.85567,2.3822,0.077742,3.5397,0.10933,-0.097885,-0.87362,1.6907,-1.6692
-19.947,-16.843,29.033,-23.273,-7.485,-0.67258,-7.7536,-2.0228,-2.5638,-5.4945,-2.7904,3.0264,-1.5549,11.681,-4.1601,0.70537,-7.8751,7.5464,1.22,4.206,-1.4139,0.58991,2.8001,-9.2079,-4.0643,-4.4141,-2.2071,0.68451,-4.54,7.1246,1.6842,11.013,-0.40144,-1.2084,-5.2677,-5.3125,9.3101,-0.27768,-0.67115,-2.9875,-0.5793,-0.092295,-2.9473,-4.0423,3.7817,4.7183,-6.0218,3.3368
7.5659,-18.573,-7.121,-2.0022,5.5132,-9.8026,23.925,1.612,-4.6004,1.109,-13.533,-5.2724,-1.4743,-3.9235,5.5475,-2.26,-4.2893,2.6065,-1.8125,8.0412,0.46696,-2.7209,-1.4592,-4.806,-1.2089,-1.8006,-2.225,-7.8024,2.0814,0.8168,-3.5421,-5.1151,2.5439,2.8173,-3.0452,4.1855,-3.0832,-1.2291,3.0417,0.7164,0.01235,3.2779,-2.3562,3.4276,-0.49829,-0.91366,-0.51321,0.61258
4.1242,-19.864,-8.3628,-5.4716,4.9417,-13.597,17.833,1.4708,-4.3472,-2.7605,-5.9244,-1.4981,-2.7541,-0.21635,5.8017,0.50406,-10.202,7.6202,0.35416,1.9492,1.6151,-4.6547,-3.1618,-0.3071,2.8138,3.301,-2.4421,-8.2121,2.2079,4.7502,-3.4905,-2.6448,1.1709,3.113,2.6321,-1.546,0.22142,0.96332,-1.4169,1.8831,-1.261,1.6695,2.9221,1.0621,2.5372,3.256,-2.4138,0.77165
6.8247,-16.228,-6.7695,-0.14818,8.8988,-14.085,23.504,2.1423,-5.3545,-0.68272,-12.83,-4.9241,-3.7493,-1.8222,3.5296,-0.18195,-5.8117,2.5856,-0.6375,6.0225,3.5055,-4.2556,-2.7621,-4.0869,-2.2442,1.6688,-4.6756,-8.4387,5.0355,1.4508,-4.9272,-3.1178,1.4629,4.4383,-0.30967,1.9608,-1.0891,-0.72207,0.72018,2.4671,-0.25674,2.951,-0.3138,2.5734,0.39534,2.4285,-1.5273,-0.48948
18.902,-25.947,1.9827,-30.229,-14.913,21.376,15.148,-3.7313,1.9533,22.155,-10.561,-3.7003,9.6832,-3.9604,-8.3071,-4.2996,-4.5221,-3.1334,-5.2964,-5.7173,-0.3056,3.8891,-0.81247,1.0678,-1.2983,6.6654,5.5184,7.269,-8.3628,0.83975,0.52285,1.6536,1.3868,2.3952,5.1267,3.3621,-1.7666,3.1668,-1.0116,6.42,4.9444,-0.44959,7.2404,1.2901,5.3672,-3.8249,-0.8779,1.9057
14.914,-28.564,11.987,-28.431,-3.1641,15.346,20.46,2.7966,2.4626,17.93,-5.6205,-2.8103,4.4359,-5.3902,-1.887,3.7751,-4.2635,-0.49743,1.1309,4.6649,-1.4501,6.8381,-2.7975,1.8501,0.97046,-2.553,7.0988,-1.7828,-2.8704,-1.9092,6.0642,4.6033,2.7299,-1.2883,1.8769,0.7249,2.7094,-2.1628,-2.0518,-1.5027,2.7607,-0.15352,-3.361,-0.45095,-2.4979,-3.6735,-1.0963,0.019193
12.267,-28.679,14.854,-17.407,4.9001,12.85,22.273,4.5087,-2.0129,16.118,-9.0763,-4.9569,-6.3363,-1.8784,2.8914,8.3373,-2.1224,-4.7729,8.9138,7.2883,0.81629,5.8245,-3.5366,6.345,-1.6575,-8.2604,3.0365,-1.4517,7.8282,-1.7365,7.1622,-2.7868,3.256,-5.5821,-5.8956,-6.9151,4.2006,-3.3936,0.40131,-1.862,-2.3799,-5.2958,0.68462,-4.4925,-4.1838,0.39033,2.9307,-3.8174
10.939,4.7111,22.51,-27.384,1.1522,-12.549,-11.854,-15.192,-2.4985,-9.9142,0.14684,-6.6836,-2.0328,-2.0881,9.5134,1.9597,-2.3931,4.7023,1.0681,-9.79,-0.60185,-6.8145,-5.7357,4.3478,4.4037,3.6513,-5.7317,-1.0566,-3.3799,-4.3957,8.7033,-3.7542,-4.6555,-3.0017,-1.0702,1.0929,-1.3794,-7.5228,0.63624,-0.19162,-1.0027,5.5037,1.8418,-3.5847,-0.38571,-1.0191,0.29606,4.3732
12.253,8.3051,18.816,-28.07,-13.496,-12.887,-15.561,-4.5325,7.0136,-6.3043,-8.4454,-4.1324,-1.0945,7.2281,13.264,7.4011,3.1279,-8.5571,0.66459,-2.6556,0.44725,0.67559,-8.7045,2.3903,11.57,0.24166,1.8693,1.9077,3.061,0.7101,0.81907,2.2631,8.2272,7.8922,-0.030436,3.3815,-3.6655,8.123,-4.7147,5.6336,-1.1271,-4.304,-0.67271,3.9928,-1.6302,1.8738,-5.1208,-5.182
6.4845,10.043,22.589,-28.246,-2.4366,-12.638,-14.146,-10.19,-2.6224,-8.9903,-3.2835,-4.4325,-2.143,0.48463,10.025,4.0728,-4.1605,-0.68664,3.1031,-3.841,-2.8484,-6.1577,-7.391,5.4023,8.4461,3.2498,-0.79841,-1.1175,-0.62413,-2.5449,7.6144,-3.6343,-4.1798,-1.6117,1.2729,3.1093,-1.6682,-2.439,1.6692,-2.2965,2.8833,2.2049,0.70166,-5.7135,-1.1884,1.2449,0.075602,0.82892
-34.469,-4.3198,7.0193,-6.3385,6.1243,-2.425,-4.1713,12.522,10.71,1.9928,3.108,12.863,-2.0091,-4.385,4.4704,4.3187,-0.46614,2.9457,-10.026,3.257,-5.9065,-8.7209,1.9574,-1.9478,0.08512,-6.1451,6.4356,3.3636,-0.25307,-1.5857,4.776,0.14429,2.2739,1.4174,-7.3099,1.1361,-0.93422,-0.33177,-5.0789,1.5354,-4.6265,-0.23369,-0.30179,1.734,0.013451,0.29333,-0.90458,-2.1942
-16.336,0.19152,-12.247,-8.5493,6.2309,-7.5252,3.6509,16.926,19.22,8.6925,11.001,11.876,-1.7955,-2.9195,5.9514,1.9449,3.0723,7.5242,-5.5936,0.078098,-4.6723,-6.046,-5.2461,-6.9199,5.047,-9.2942,2.8929,3.181,-0.015993,-1.3981,-1.4547,0.14889,-0.066948,-3.8298,-1.6771,-4.545,0.87891,0.78495,4.8504,1.5655,2.2424,1.5904,3.6597,-0.70315,-2.2481,0.51367,4.0427,-0.42828
-15.155,4.0006,-14.9,-11.237,2.6845,-5.4302,-6.189,17.374,20.904,5.4243,5.7976,6.2734,-2.5947,-7.6023,1.9113,4.173,6.7844,0.6182,-12.739,0.50333,-0.10006,-7.2208,3.0313,-8.694,2.8951,-3.5767,-4.6684,4.3674,4.9642,3.2893,2.5886,-4.1992,2.077,-0.94103,-0.18137,3.0431,2.4335,1.1726,-1.4889,-0.96223,7.8032,0.56188,-0.0663,2.5395,-2.9853,-1.2902,2.0939,-0.2134
-21.386,12.297,-22.947,-3.9824,-5.7112,3.0851,-3.6278,16.603,-1.0262,-0.026253,9.1608,-8.1384,-1.2627,-6.3858,-1.2378,0.15789,-5.5852,-1.8814,-3.0911,0.63853,6.6385,-4.0613,2.0099,0.93429,0.60059,12.16,2.0948,-0.54196,3.2937,0.74326,-0.65175,-2.6745,-2.1843,-6.1777,-3.6416,-1.8806,3.5705,1.8721,0.94604,3.7701,-0.71541,-3.8211,0.97223,-3.5823,-1.3669,0.87156,-4.3797,2.4998
-21.285,13.319,-25.981,-2.8196,-7.6128,3.827,-0.46245,15.708,-2.5838,0.50678,12.197,-6.5135,1.0631,-7.0348,-1.32,0.0047526,-6.9713,-2.9857,-2.1989,-0.31903,7.3198,-3.7922,2.1206,1.8413,-2.8852,12.122,1.3482,-3.7282,0.29211,1.4187,-1.7912,-6.2355,-3.8323,-7.5989,-0.90595,-0.5871,2.756,1.5139,-1.0428,2.9398,-1.8065,-5.8825,2.926,-3.5082,0.81912,1.1104,-3.8878,-0.62563
-28.37,11.757,-19.24,-1.2345,-11.495,13.378,-17.204,5.1854,0.33977,-4.154,-3.477,-11.924,-7.2992,5.3937,8.333,4.2481,-5.3176,-9.2173,3.0398,6.3324,-2.9205,-0.64427,3.0871,0.90764,1.9569,2.0196,10.076,-4.1738,1.3665,2.8279,-3.6111,0.48471,5.851,5.9421,-4.7285,-3.9535,-1.4518,2.3679,2.0434,2.6372,4.8128,6.7517,-3.4358,0.54559,0.29122,-4.3787,-0.36133,5.4192
4.2045,45.799,-13.225,-14.62,8.6201,12.738,15.853,-5.218,-2.0568,-14.488,0.44317,-3.0129,-3.6514,11.551,2.5591,-6.1114,7.3027,-1.4865,-4.7449,0.4621,-1.2726,2.4977,-1.0455,-1.941,-2.4518,0.28493,7.4266,-1.9544,2.1703,-6.8696,-0.7472,-3.9318,-2.1446,0.77043,-3.9827,-3.7284,1.6481,-2.3052,2.1954,1.5801,1.2522,0.015126,-5.4268,1.5353,-5.0529,-1.6224,0.83764,3.2315
5.422,44.457,-12.099,-13.011,11.459,11.473,22.759,-5.676,-0.83382,-14.214,2.5592,-3.5746,-0.39912,10.489,-0.25535,-10.254,6.4283,-0.26632,-7.5594,3.9728,4.2484,2.8109,-1.1551,-2.8312,2.3811,-0.17404,-1.7007,4.2148,-0.18496,2.9187,5.3667,-0.17043,-1.3769,0.31718,1.2065,-3.8169,-3.1165,4.1627,-2.2448,-2.7269,-0.35981,1.3276,0.59075,-3.8145,2.5008,1.8175,-1.8228,-4.8883
4.1679,45.223,-12.457,-11.837,10.627,9.8311,23.317,-6.2691,-0.25859,-12.547,3.109,-2.6587,-1.0142,8.8156,0.20247,-8.7301,5.4197,-0.76296,-6.7722,3.4943,4.3346,3.2266,0.89763,-3.0643,2.9833,0.38902,-2.1146,6.0004,-0.70323,1.649,5.2935,-1.03,0.018507,0.84045,2.329,-5.3324,-4.5088,4.8279,-1.7413,-2.4744,0.15765,1.3203,1.2036,-3.453,3.0172,1.7903,-0.25452,-4.9098
-0.48368,11.924,19.803,7.6723,-0.39858,2.4168,6.9392,-10.927,2.1208,2.6102,-1.0294,1.8092,-1.1809,3.2518,0.52489,-6.3358,-2.2163,-0.71108,6.9753,-7.4754,0.17299,-16.009,0.81334,-1.4972,-6.3372,3.0164,3.5091,3.0944,-2.9397,0.709,1.2886,-0.82454,11.08,-4.9319,0.62549,-4.6837,-2.1653,-0.063346,-0.63263,-3.9744,-2.2345,-2.8836,-2.3021,2.1195,-1.1555,0.031432,-1.8494,1.4141
-1.8092,-9.2105,-10.063,1.6844,-7.8547,5.6935,-12.924,-3.2605,4.7218,-4.3475,-7.7734,3.0387,2.3219,2.9907,-4.785,-2.008,2.1394,4.178,1.4962,1.3744,0.62874,3.9672,0.079292,4.2638,-6.7629,5.1486,1.7521,0.35846,5.871,0.83252,0.63446,-8.2648,2.1616,-1.6842,-1.8717,0.64429,-1.6403,0.94657,-4.9124,-0.56766,-8.6643,1.5591,1.6264,-1.1804,-1.3217,-1.6141,4.4998,-3.0148
0.83229,11.81,21.395,4.2817,-0.55421,2.0067,5.9217,-9.586,1.6673,2.537,-2.1868,1.2204,-2.6984,3.2096,-0.45462,-5.8339,-2.775,1.6049,5.5499,-7.1398,-1.1243,-12.775,0.39644,-0.34646,-8.2352,2.6095,2.455,3.2235,-2.558,0.53319,1.2489,-3.5367,9.9699,-6.0142,1.5353,-3.6253,-2.5491,-0.38737,2.0324,-3.1353,-2.4862,-1.997,-2.4472,3.8045,-0.68522,-0.53212,-0.86807,0.71285
6.7924,23.474,22.045,4.4212,11.332,7.6502,-0.63021,-2.6599,-11.606,-2.8948,0.0776,6.5851,-6.6951,-16.084,3.0704,-12.793,4.1249,3.3329,1.3705,-2.9036,12.798,3.8865,-11.756,-1.8615,-8.7059,2.9477,0.7238,-0.51935,2.737,-3.4979,-4.1606,9.1069,-0.16993,1.2815,-5.5412,2.5342,-3.2723,1.623,1.8479,3.5614,4.4562,-3.1562,1.1163,1.0487,-7.8075,-3.9028,0.35791,3.4305
-12.261,-0.67763,26.951,5.8586,7.1765,9.1007,-0.37223,8.2947,-16.328,-9.2388,-4.0367,5.1958,4.4464,-7.9085,0.51584,-0.061096,8.1754,3.3111,-2.8426,2.9811,9.4464,0.23138,-9.7191,2.772,-0.64337,-1.2012,-2.1043,1.7041,-2.6766,4.4004,-0.60519,4.9325,2.1575,0.61567,-3.56,5.3409,5.7464,-1.846,-4.8062,-0.90221,3.4866,1.5128,-2.262,2.5155,-0.49938,0.57097,-2.1224,0.068085
-16.31,1.9999,24.336,3.2578,1.8516,7.4595,3.6144,12.65,-12.559,-10.983,-1.8854,4.1524,7.5581,-11.979,0.61039,0.59411,5.7089,4.399,-2.6741,2.9826,6.5319,-1.1093,-6.1302,1.371,2.0067,-3.7113,-2.2822,3.574,2.0167,2.1096,2.1954,-0.35164,-2.1746,-3.743,-0.31866,2.0991,1.2214,-1.4086,-10.436,6.1313,-4.0238,1.2453,-1.5917,-3.1343,1.6195,-0.49848,1.8179,2.4761
-12.264,5.6315,14.118,10.054,26.622,-12.828,-0.75939,3.9912,-1.0302,2.7541,-3.7453,3.6445,-7.6534,5.4947,-3.2271,-8.929,-4.2456,-1.0872,8.4657,-0.84517,-3.3134,-4.1353,-0.63387,1.8069,1.9069,3.5873,0.055434,8.5568,5.0932,1.5878,1.5086,0.91722,-1.9107,2.0342,-5.2745,-3.6788,5.0393,1.0175,-2.1734,2.3648,1.3973,-1.4972,5.6864,0.30095,6.027,-2.5777,0.95943,5.2974
-11.722,-5.8062,15.463,14.314,27.215,-14.388,5.3733,6.0719,1.7857,3.4704,-6.3278,3.0847,-6.9876,3.523,-2.1495,-3.053,-6.7619,-9.0051,10.633,-2.0846,-1.7911,-0.26958,-2.8133,-0.14552,-0.6946,4.9805,-2.5852,7.5186,1.9961,1.4444,-2.4163,-3.7266,-2.7364,3.3066,-0.052244,-4.9662,4.7666,-0.60352,-4.9175,6.432,2.4197,2.689,3.9132,-0.46992,0.62598,1.8829,0.98417,-2.7443
-3.3561,-9.7317,11.209,-7.4666,7.5807,-17.583,9.0465,-3.2183,4.4976,1.1178,4.3435,6.684,-0.18343,-1.6604,-1.5924,1.7208,0.49458,-2.7058,2.5447,1.7708,-1.93,5.8711,-5.964,-2.1986,1.7016,5.1425,3.0362,3.0928,-3.8884,0.20258,-6.1441,-2.4776,-2.3086,2.3347,7.3615,-4.1655,-6.1597,-3.2907,-0.54394,3.727,-2.2086,2.2908,-1.3265,2.7902,-1.6362,3.2246,6.7951,0.94991
-37.096,-9.4305,-7.9701,19.011,13.336,9.0031,-3.7799,-7.4018,-13.319,5.7373,-2.4325,-3.9876,-1.4967,11.252,-4.1571,6.6213,-0.018452,-1.8599,-5.7966,-4.2099,0.55474,4.0634,-4.8624,-7.3799,1.4048,-2.2973,5.6048,2.251,-10.218,0.91067,5.1766,-4.4393,-0.064131,-0.35689,1.0673,1.4443,2.586,-0.41771,3.3213,2.4851,-2.3953,4.1392,1.9946,2.1211,-3.7709,1.0139,-2.2267,0.51032
-33.631,-7.679,-13.975,19.814,7.1493,6.4365,-5.0371,-4.7159,-9.0574,7.2516,4.6133,-2.722,-0.40454,11.323,-1.548,6.1304,-3.3189,2.6542,-6.3713,-4.1161,3.1071,1.1482,-6.7435,-0.26917,0.33214,-3.128,1.8589,0.11043,-9.2131,1.3948,2.0716,-3.4375,-2.3358,-0.15511,-0.97989,1.172,0.85053,-1.1751,2.2145,3.6566,0.27779,2.7396,4.5114,0.67399,-3.2871,2.0011,0.15783,-1.7927
-34.387,-3.8938,-15.514,4.1361,-11.735,1.3699,-15.914,3.2832,3.5832,-0.46238,-6.4335,-4.7911,-1.0206,-0.36537,-3.4237,-3.1966,0.32478,-4.5446,-0.27042,0.032024,11.798,1.7635,-3.6902,2.936,-2.9125,-6.7087,2.7843,-1.0121,2.187,4.8292,3.2048,-5.4108,5.624,4.8116,-4.0219,-5.0449,-1.1976,-0.84983,-0.93557,-3.563,-0.54308,5.8159,-0.0012515,-0.64655,1.9965,-6.3181,4.2482,3.9687
-13.101,28.215,16.431,0.25932,-2.6894,-12.961,-0.46817,0.69657,0.78699,-1.5373,-10.543,-2.911,-17.965,-8.0145,-3.1961,8.8856,2.146,5.0518,-2.2312,1.9469,-4.0515,6.7334,3.914,0.90396,-4.0813,2.7894,-1.1651,1.7512,-4.6683,0.73485,-2.1086,0.74581,-0.71305,0.87066,3.0307,2.0028,2.7043,-1.9354,1.1155,-2.25,0.86112,-1.3881,-0.2783,-1.4494,2.0016,-0.4124,-1.6196,-2.1251
-14.423,30.457,12.541,3.1937,-4.1406,-10.317,-0.20923,0.99198,-0.0745,-2.36,-10.57,-4.4708,-20.623,-7.5598,-1.6084,9.0392,6.0594,6.7383,-3.4424,1.0755,-2.8206,5.0367,5.7443,2.6429,-4.4239,0.34994,1.3292,3.5774,-5.3875,-1.2176,-2.8041,-0.074581,-0.0025421,-0.80383,2.517,0.75389,2.5455,-1.5205,1.4883,-1.1047,1.5088,-2.4256,-0.73189,0.37593,4.6143,-1.6153,-1.0815,-3.1375
-20.071,34.506,10.669,6.0989,-7.4148,-5.7739,4.7445,-2.8342,1.0182,-3.7595,-7.8305,-1.8175,-19.805,-9.2579,-3.5129,7.945,1.952,4.1534,-0.32815,-0.3504,-3.9023,3.733,4.0018,1.6115,-2.9302,-2.7455,0.33787,4.5752,-4.5416,-6.0701,-1.497,-2.2436,0.76824,0.10453,-0.58989,-1.9441,-2.2202,-0.55851,-2.4429,-0.14457,3.0197,-0.048796,0.4877,0.54342,1.0258,-1.0874,-2.0158,0.39897
23.699,-19.73,3.7966,6.9566,3.5933,-2.5896,-10.487,-4.4108,-15.62,11.75,10.849,-15.062,0.12112,-1.7006,6.5234,-0.31798,2.5954,0.61889,-1.3966,-1.2581,-4.6989,4.4471,2.1992,-6.5566,0.92723,-2.6014,0.65232,2.9002,4.6487,-1.252,-3.5139,-1.8378,0.70578,-4.6708,-5.0397,-4.6615,-3.1145,-0.014011,-4.5481,0.067666,-0.019618,-0.047216,-0.40137,-4.9156,6.444,0.84004,1.8164,0.12524
25.044,-20.944,1.9558,6.8786,3.8113,0.46585,-10.447,-4.6204,-14.059,10.319,12.5,-12.903,-2.0745,-2.5007,4.3847,-1.9838,1.5652,3.1639,-5.574,-0.013334,-4.7252,7.7105,0.71753,-4.5856,-1.1514,-0.43854,-1.457,1.1774,1.2724,0.64713,-2.0133,0.038224,1.1826,-0.67356,-4.7329,-2.7892,-6.3638,-0.19766,-4.5136,1.1119,1.439,-0.79452,-0.62372,-1.755,2.6221,2.9401,1.6203,-0.60185
25.087,-15.297,5.7947,2.4146,4.1058,-1.9062,-9.9924,1.2972,-15.601,6.8706,7.9541,-12.536,2.5587,-5.0765,5.4025,-3.9158,0.28828,4.1792,-5.8597,1.5756,-6.5842,4.0978,4.5865,-3.2895,-0.73652,-0.19345,-5.5647,2.6671,-2.0758,-3.8286,0.03631,3.5922,1.8689,0.5303,-2.9158,-0.045407,-7.117,-1.9067,-2.7352,-0.76696,0.12278,0.50684,-0.20887,2.1874,0.12143,-0.37624,-2.5841,2.9856
20.339,-9.4865,-7.6445,7.9979,7.4949,-3.2686,7.2978,1.0081,8.3639,1.6103,-2.0319,2.777,0.071644,7.1611,-2.715,2.1221,2.3974,4.3657,4.8946,-2.8843,3.6977,0.11396,-3.0168,4.8291,2.2522,-0.019812,-4.6737,-1.6229,-0.20618,-8.8594,-2.8534,1.6991,-4.9614,-1.981,-3.9938,-4.2458,0.36794,4.0696,3.2277,0.70079,4.3684,0.70955,-1.1299,3.3852,2.8399,-1.1693,-3.5255,-0.33134
25.107,-6.0041,-9.8296,-0.28584,-0.65289,1.6673,-2.072,5.6872,13.039,-1.5792,-5.2263,0.7115,4.3474,-0.24047,-5.5358,-7.3571,6.8383,1.2519,2.6249,-9.8365,-0.22268,2.0425,-2.8534,-0.98159,3.8319,-4.835,-4.4153,-4.2372,-1.1599,-6.1133,-1.0042,-1.1197,0.79252,-3.5489,-1.8002,-3.7262,3.9286,0.6565,3.0592,0.89809,3.9744,2.845,-0.2976,-0.13419,4.2684,2.9183,-0.46042,2.6067
27.274,-6.0244,-14.223,0.23392,-1.7705,5.2181,-0.26006,3.4313,12.492,-0.82189,-4.4708,2.6822,6.6956,-0.73382,-6.4162,-2.4851,6.2705,1.6715,3.7785,-9.7063,-0.80528,3.2143,-4.6719,4.3278,2.3108,-5.6214,-3.1417,0.30139,-2.0939,-5.6428,-1.3732,-2.6089,3.9312,-0.086685,-0.68221,-0.13571,3.7318,0.75577,-0.85446,2.8428,1.405,4.5574,-2.1405,-0.44046,5.6377,-2.3053,-2.7836,0.62897
37.999,17.737,-0.31478,-2.4058,2.7344,-6.6147,-5.7155,-2.5244,0.69554,8.8164,-1.632,-0.55651,-3.0861,5.9313,-0.3767,-3.2328,-0.20206,0.2228,-3.2586,4.3972,-1.7345,2.9041,-6.4658,-0.28066,1.5494,-0.84467,7.0438,4.3534,3.7738,7.9563,-3.2734,-2.4872,-7.1171,-6.0608,4.7779,6.5655,1.3447,-0.74229,2.1697,-3.1609,-1.6817,-1.9517,-2.7391,3.0096,2.2433,-1.6374,-0.76984,3.5432
37.184,22.593,-3.63,-1.4991,-1.628,-3.9534,-6.7266,2.1056,1.2927,6.7529,-2.4428,-2.4105,-2.9047,3.1031,2.3196,2.5685,-0.35303,-2.3049,-3.5775,5.834,-0.2985,1.392,-0.71665,2.2673,2.6533,-0.14773,4.1402,3.7512,3.6933,6.1658,-0.36945,-6.2157,-3.0429,-2.9661,0.23558,3.8788,1.3944,3.3641,2.1057,0.36422,4.6822,0.11281,-7.7897,0.44137,2.4928,-1.0093,4.6155,1.8375
36.274,12.848,0.41507,-1.2835,4.4213,-8.7734,-4.7595,0.63043,-1.496,8.5002,-0.56796,1.0595,0.12741,7.7368,-1.5879,-5.6566,0.72453,1.4087,-2.8902,4.7702,-3.1286,1.2189,-7.0363,-0.23162,2.2177,-0.012735,6.0578,2.6407,0.942,3.7872,0.32627,-2.5156,-4.0198,-5.5081,0.63397,5.8629,3.8011,-0.93308,0.8535,-4.0486,-4.0324,-2.2551,-1.0991,6.4205,1.6586,1.3128,-3.3383,4.9808
-5.134,-29.195,0.46691,-14.58,1.1958,-3.6594,-3.223,-6.1059,9.0641,-10.288,-0.093717,-1.4545,1.1071,-3.8376,-9.2453,-2.742,-2.2128,-7.2063,-5.2716,-3.3562,-1.0583,0.97906,3.2851,-2.0491,1.8087,-2.2263,3.0372,1.149,2.3471,-4.8933,-0.40071,-0.60949,-0.67901,0.2116,-0.42076,-0.19342,-0.21068,-3.771,-2.0554,0.16958,-3.4622,-3.8739,-2.8761,1.0761,-0.78749,-4.096,-4.2631,-1.5343
-4.622,-30.227,2.5814,6.5145,18.97,-1.891,5.9078,-8.4963,-0.9765,0.36407,-1.9963,0.65205,-3.9438,6.0663,-6.6807,8.2674,6.9732,-7.5776,-4.5142,-1.3455,4.8768,-1.9065,7.9205,-1.7468,2.474,-2.8003,-0.026787,4.5476,5.411,-2.6578,2.7066,3.4523,-0.51633,-2.9407,2.0105,3.4765,-6.1734,-5.8193,2.3285,3.556,-1.6343,-1.8392,-0.46559,-0.17747,-0.58567,2.6819,-0.33575,0.99757
9.573,-25.325,-9.7335,7.5401,-1.81,4.5432,14.051,-16.246,0.78023,-5.7022,-1.5674,11.566,-12.124,-8.0614,-0.87699,1.3751,-6.413,-9.8867,-8.866,0.58548,-0.66302,3.6105,1.3065,-6.0964,6.7095,-1.2205,-5.2222,-3.9953,3.9045,-0.16538,-0.7599,-3.1529,-3.062,-0.54088,-1.0254,-1.7779,-3.3999,-2.7826,-0.63045,-2.2572,0.87729,-0.71578,2.4615,-0.50106,0.027237,-1.4995,-2.5423,4.3064
6.6807,-5.1548,32.479,10.401,-1.0754,10.506,-4.0678,12.223,-2.2096,0.19154,-0.39161,8.9107,2.3225,-0.70451,4.857,-5.2409,0.57628,-0.56746,1.283,-0.65778,-0.60169,3.7056,0.35541,-0.80902,1.7788,3.8429,3.0627,-5.2758,0.27957,-4.9269,-0.83261,-3.7794,0.71137,-3.2834,2.2639,2.0196,-3.1378,3.7215,4.3526,-3.453,0.10398,-2.8153,-1.7393,1.4569,2.0901,3.096,-1.0118,-2.2948
8.1927,-3.914,30.913,12.149,2.7516,11.823,-4.2424,10.828,-1.8021,-3.2626,-3.3211,11.496,4.6624,1.7752,5.8358,-5.3562,1.5231,-1.0894,0.48252,-1.621,-2.3909,6.543,-0.6866,-2.0861,3.7218,0.90712,2.0288,-6.2669,1.4657,-3.3803,-1.4606,-5.0389,1.4257,-4.3198,-1.9614,2.8341,-0.6289,1.6354,1.1281,0.12118,-0.25201,-2.6233,-3.8245,-1.0109,2.954,3.5539,-2.4143,-2.3381
16.026,-3.8553,23.004,16.83,16.676,15.408,-11.848,23.525,4.7502,-3.6747,-15.745,0.80717,-5.3083,-1.2375,-1.8851,-5.8871,1.2681,-8.7949,5.6082,0.46437,-3.5284,2.1277,6.2346,-2.1789,7.5633,1.2571,3.2707,-3.5673,-3.2244,1.2112,3.2285,1.6931,0.25757,-2.2264,2.8451,1.5536,-0.54583,3.1171,-1.1757,0.66598,-2.8422,4.3542,1.8325,-4.2534,-1.2801,-0.21539,-1.222,-0.56295
-14.511,-15.261,-14.154,-0.94973,0.18245,-14.571,0.83103,-3.7683,-5.3623,-10.275,-1.7824,7.033,9.2214,-4.1906,0.52499,-1.5812,-1.8193,3.0411,-0.53176,-3.1147,2.6551,6.1534,-0.86869,1.4199,0.26985,-0.14034,1.2803,-0.49823,-3.9676,3.2671,0.36799,2.2419,2.0606,-0.84059,7.3198,-3.0506,-0.41422,2.2384,1.8309,0.08844,-2.3935,-0.57493,-2.1035,-3.3854,1.3306,-1.6448,3.413,4.666
-13.146,-8.9132,-12.39,5.3585,-0.44643,-14.568,2.3391,-1.8755,-17.13,-0.0019877,-0.68999,3.557,3.2642,-1.0774,-1.9982,9.7763,-1.0234,-6.0611,2.3105,-6.5911,10.794,4.4787,4.0883,0.030244,-1.1384,-4.7293,-4.5956,2.7227,4.41,-0.89649,2.8394,-5.2956,0.96834,0.99867,6.8659,1.3871,5.349,3.5922,-2.8114,-4.3618,2.5016,-1.7771,-4.1534,-0.0087843,0.31327,-0.49325,0.99064,1.5063
-17.775,-14.38,-9.2262,0.70827,4.3596,-15.433,3.3393,0.90379,-7.1884,-7.7511,-2.1618,6.9732,6.2481,-4.7114,0.0068057,0.49121,-2.538,1.2181,-3.9799,1.1761,-0.64691,4.5792,-2.1616,-1.5952,4.3171,1.9819,0.66396,1.9602,-1.2723,2.9014,0.83536,1.9289,1.6657,0.41149,6.6109,-5.653,2.6289,2.7637,2.0551,-2.1758,-0.70216,-0.0058139,-3.8949,-3.7205,-0.47029,-1.7022,4.4848,2.2167
-17.907,12.979,-20.161,-13.084,6.6737,-9.4635,-2.9538,-6.7174,8.8849,2.1484,7.4768,1.778,-4.0749,6.9564,-1.9421,-5.0034,-2.1724,2.2686,-1.1739,-3.5307,-4.7931,9.155,-4.625,0.77856,-8.4101,5.4397,1.2895,-6.2661,1.2416,-0.907,5.2672,2.2043,3.4924,2.7515,-1.0044,3.7115,1.1058,1.1774,-4.1647,1.4561,-1.1876,-3.036,-1.6439,-1.5162,-1.4475,-0.23159,3.7857,0.19769
-22.385,5.6691,-22.972,-11.992,-2.5931,-10.906,4.1963,0.26294,11.639,0.67921,0.74566,-2.5339,-5.0661,-0.89498,3.7403,-7.083,4.6769,-6.0908,3.8117,-7.6156,0.75321,5.9146,1.9314,-2.0638,-5.5709,-2.4581,-0.36603,-1.5371,2.1896,2.1742,8.0194,5.099,0.37404,-1.1,-1.1683,5.5255,-3.8454,-1.5763,-1.0755,-1.1765,-0.6765,-3.4491,9.4348,6.1174,3.2209,4.5503,0.23541,6.003
-20.527,5.9527,-16.471,-10.426,2.8742,-6.4789,2.3599,3.1523,2.8398,8.0799,10.618,10.105,-0.80144,-0.68607,1.6524,-2.9444,-6.837,0.26118,2.7891,0.713,-4.3657,4.8498,1.5069,-3.0316,-4.4508,4.3208,-6.212,-2.0524,0.35372,-7.742,8.6096,1.8929,4.9407,7.3133,-1.3882,3.8846,3.0015,1.5251,-0.19939,0.40259,-0.48072,-1.7936,-5.5797,0.63527,3.3167,2.3903,2.197,0.1367
-11.017,25.82,17.859,-9.4647,-7.7902,-8.8111,5.6245,11.63,-11.626,1.7396,8.6373,-2.9137,2.1751,-3.2479,-16.767,-1.0906,0.6943,0.59573,0.95895,2.1528,-0.80776,-2.2538,3.1653,6.6705,4.7223,-1.5889,2.7234,0.95685,0.28113,-2.1181,1.6783,-5.3191,1.7023,4.2212,-0.35426,5.6392,-1.8257,-0.54319,3.9803,4.2505,3.2546,-3.8338,0.86816,-0.41774,-0.54328,0.53445,0.57238,1.3959
-16.687,28.258,17.877,0.83313,-8.1862,-3.9313,7.4334,5.4881,-11.488,4.9089,11.893,-2.3367,6.4532,-2.3764,-18.658,-1.735,-2.3043,-0.64112,3.3285,1.24,-7.337,-3.2421,-4.071,4.4962,6.1195,-7.7846,-3.8138,-4.3555,-1.2236,4.9077,-2.0761,-1.5232,1.8666,3.0676,-2.1415,-0.59693,-5.9891,1.5818,1.2981,-0.88699,-1.8559,0.34361,0.36973,-1.8015,-0.22703,1.9739,-0.86844,0.95511
-16.632,27.151,19.707,-3.258,-6.7969,-7.4511,6.394,5.3794,-10.399,2.5391,10.127,-1.6352,2.076,-3.5977,-19.272,-1.6095,-2.5537,-1.8878,0.042718,0.76063,-5.6925,-1.9544,0.084638,6.4096,4.2851,-6.611,-2.6571,-2.7866,-0.97719,0.078827,-0.83832,-2.8675,4.0461,3.1002,-2.9347,-0.0030792,-3.9832,-0.50614,3.1377,-4.1246,-2.0104,0.10222,1.3263,-0.66103,-1.1353,0.077873,-0.54877,1.6483
-7.3824,24.486,-24.352,-17.569,15.037,9.7069,-9.8696,-10.366,-7.4747,-5.7246,-2.8483,6.6487,2.64,-6.0116,-2.0832,8.7584,-6.2415,-6.0557,-1.059,-4.216,-6.1188,0.25855,-2.5458,0.6117,-3.0817,-2.0624,0.34093,-8.3723,-0.65035,1.177,-5.8135,-2.7177,1.818,-6.5194,2.2277,2.7638,-0.5728,-1.3901,-3.2456,-1.5583,0.69919,0.42759,0.57737,-3.2405,-1.0734,-2.6335,-1.5996,-4.0787
-3.5157,26.075,5.8211,-1.7893,12.438,-7.6883,1.532,-19.699,0.93466,4.8216,2.7455,7.5491,-2.7415,0.12074,0.19309,-4.93,-5.6094,-8.2207,2.2615,-2.4523,3.4018,-2.9632,6.3631,-4.3729,9.6293,0.46455,0.31412,-5.4669,-0.43597,6.5151,-7.8478,9.5938,9.199,-8.7143,-3.357,6.1613,1.3587,-3.3086,2.2237,1.0727,2.1158,0.20917,-1.0465,-1.6693,3.9253,-2.2768,8.7695,-4.1701
-3.0568,22.276,-26.542,-20.191,9.723,6.4822,-8.4637,-7.2113,-9.0844,-1.0722,-4.7992,6.0521,-1.3738,-5.8355,5.7336,6.6471,-2.2107,-5.6471,1.5795,-3.5169,-1.9082,0.99065,-1.5142,-0.61947,-5.7796,-14.182,-3.5821,-3.6271,-4.1623,-4.7693,-4.3498,1.4268,-1.6916,-4.4539,-1.0817,1.6603,1.1976,11.566,5.2357,5.7077,-8.1719,-2.4478,4.8151,0.011088,-0.24473,3.4579,1.0133,1.807
36.907,-8.3313,-9.8255,1.8482,-5.3929,7.8913,-4.6065,2.5061,5.7326,7.5515,7.8149,2.239,-9.409,-7.8571,-0.16595,1.6489,-2.6051,-2.1499,-5.8822,-0.64001,4.1954,-3.0742,-4.7863,-1.1961,-2.1962,5.9781,-5.496,2.6569,-3.5451,-1.007,2.3151,0.18912,5.3167,2.4078,1.8208,-0.46791,2.1747,-2.3085,3.2149,-1.7473,-4.6057,2.0123,-3.8457,-2.9583,0.25234,0.77579,-0.7908,-1.2692
36.586,-10.614,-11.269,5.2001,-0.58817,9.7191,-3.5973,1.7215,2.5642,9.1693,6.3967,4.0914,-10.701,-3.2125,3.4946,3.446,-3.8883,-0.63049,-3.328,2.3714,3.1921,-3.6723,-4.8379,4.7096,2.1141,4.613,-5.8077,0.067293,-1.8272,2.5263,2.2097,3.932,1.0862,5.5301,3.4011,-1.6615,2.812,3.9785,0.0012259,-4.6834,-5.5632,0.34679,2.5804,-0.74987,0.51734,0.49765,1.1554,2.1307
38.563,-5.0119,-9.3551,1.9123,-7.3653,7.7835,-6.8754,5.0975,2.6074,7.0854,3.3539,0.11159,-8.7115,-6.83,-1.848,1.1688,2.0177,-3.3757,-5.0329,-3.9846,10.176,-3.2366,-0.77841,-0.14483,1.0585,4.7068,-6.8207,4.4466,-2.8625,-1.3673,-0.43722,-2.0099,5.4974,1.8173,-1.5869,-0.60286,-2.8455,-2.0201,5.122,1.3569,-1.383,4.6685,-3.6237,-0.59365,2.1695,4.063,-0.94908,-2.1747
18.139,-19.395,5.4029,5.4375,-0.9521,-12.259,0.15684,2.2499,-6.2522,-3.4324,-0.50105,7.9244,2.0032,5.4523,-1.5006,3.3203,5.6361,4.3391,-0.94499,-2.4977,0.79153,-2.5029,3.1915,6.4381,-4.129,2.4519,2.8553,0.39981,-0.85121,1.56,1.0584,-1.7662,-3.2439,2.5868,-6.3688,1.6166,-1.1933,3.5429,1.205,-1.3707,-2.868,0.97913,3.1935,1.9252,1.1526,-4.1536,3.9334,-3.6597
26.024,-17.376,2.4668,7.465,-9.9049,-11.356,1.8405,4.3655,-2.2032,-0.92164,2.6916,10.996,0.72554,1.2176,2.8577,1.9968,6.1079,5.2123,-2.6231,0.36042,1.8366,-2.8917,-0.077832,5.2199,-0.42782,0.96167,3.5118,1.1127,-1.0699,0.057692,-0.95008,-0.013499,-1.4165,1.3381,-2.607,-0.00072715,-2.6895,1.8504,2.5546,-2.5848,-3.5885,1.0144,1.3255,2.8042,1.7333,-1.2779,0.81524,-2.7591
20.988,-22.714,1.2027,2.0293,-7.1271,-8.7909,5.8002,-0.25486,-5.3366,-5.2074,-2.1699,6.5019,0.93071,3.1194,2.1449,4.9661,4.4022,0.47655,1.4554,-3.3389,3.9608,-0.89152,10.981,7.4419,-3.1747,-0.90537,-0.85075,-0.5915,0.94571,1.4546,2.7929,-1.8882,-3.5426,-1.6725,-3.0427,0.48309,-2.9338,2.8389,-1.0068,-1.1415,-1.0549,-1.284,1.1805,0.84687,2.9585,-4.1903,-0.45313,-0.76595
19.509,-15.32,-10.249,2.8059,12.574,-12.992,-1.3794,-0.062401,4.4343,-8.4705,-13.851,-1.2729,11.482,-6.5132,-0.9993,-4.8595,4.1741,4.7156,-7.4152,-1.3578,-8.4178,-6.7075,8.9436,-6.01,-3.7396,-1.0792,3.5714,0.44393,6.7031,0.51998,0.3438,-1.1228,2.7328,2.5532,5.6171,0.96342,-0.39552,-1.3859,-0.26349,3.529,-1.471,-3.0933,2.5896,-5.4071,-3.3798,-2.4231,-6.1099,4.7306
15.904,10.759,8.1396,27.724,-11.593,-24.723,-3.7536,-3.0822,9.9456,5.985,-5.8278,2.8473,12.693,6.4675,-2.8994,-0.82117,3.33,-14.23,-8.2538,11.44,-1.5898,-4.3167,-5.2786,3.8376,-5.5281,1.9504,-1.5739,-7.2616,-6.2603,-3.8956,5.2425,3.7993,-2.937,-2.4139,-3.7059,-2.8793,0.32644,-0.34581,-5.5066,-0.55604,4.5344,-2.1856,-1.0993,-2.3679,-1.6707,3.8946,1.0005,2.8785
9.851,22.094,5.2198,29.017,-13.334,-13.479,-2.1256,-4.6677,11.198,4.0545,-7.8363,-2.5823,8.3589,4.2102,-6.3787,5.0931,-1.8107,-9.201,-9.75,11.901,0.24913,-3.4876,-2.6273,2.4364,-6.0494,1.6968,-4.5619,-2.7378,-3.208,-6.407,1.0995,4.5549,1.4387,-6.9498,3.7431,-3.1143,-4.0352,0.94664,-3.1786,6.2921,0.17677,2.4492,-0.33986,-0.11674,0.52598,-2.5868,1.0088,-1.1615
-31.072,6.8287,7.1259,15.651,-12.531,0.7667,-2.3572,-17.108,2.0074,13.78,-1.5096,11.014,11.171,-1.9489,15.841,-5.1199,5.9061,-7.2306,2.7304,0.49679,4.5835,-0.2623,-2.1377,-5.0969,1.4506,-2.4867,2.7084,4.2226,-5.9227,-2.6771,-7.2612,-9.1695,-2.936,12.801,-1.5692,-1.1213,1.8265,-7.8424,1.6994,-3.5196,0.47828,-10.266,0.75385,-7.6608,1.7333,-0.37095,-1.0836,-1.0487
-28.258,18.36,3.7295,10.945,-21.293,3.0691,-1.1847,-16.407,3.4947,20.278,-8.423,2.7004,-2.3637,-6.4356,2.1378,-9.9282,2.6033,7.0333,2.1244,-2.5948,0.97629,-1.3809,6.6673,3.3332,3.5213,-1.7807,-2.3353,-1.5857,5.013,3.6882,2.7059,1.1059,-8.479,0.92519,2.0455,-3.8481,-0.14047,2.3207,0.26145,6.1622,-2.0516,1.7554,-5.2204,0.029076,-7.5812,3.6816,-1.8931,-0.16543
-27.142,18.119,0.45138,9.974,-21.578,0.6198,-3.0894,-14.918,4.1609,21.329,-4.9231,4.0805,-4.934,-4.4468,2.1201,-10.091,-0.1142,9.9205,2.8572,-3.5055,1.2229,1.5716,7.1683,1.0384,2.1442,-3.0755,-1.0289,-2.178,1.6344,4.9604,1.2717,-0.52384,-3.5672,-2.0129,3.3081,0.40742,-0.30258,4.1483,-4.806,3.2873,-1.9378,6.253,-4.746,0.2092,-2.1808,2.9408,-2.3681,-2.0119
36.948,-4.8883,-4.599,14.723,-2.1291,8.9426,-9.9911,1.9381,-1.0205,-6.8997,6.0708,4.3636,-8.0085,5.6248,-5.8647,-7.5981,-7.6507,-0.084557,0.47965,-4.6104,-1.8157,5.6856,0.25224,-0.17283,-2.4877,-4.93,0.5127,-4.5991,0.45234,1.1249,1.6499,-7.3969,1.3863,1.5289,2.7628,1.4848,4.4981,-8.9217,-3.5629,4.8832,3.406,-1.0271,2.9053,3.0772,-0.10812,4.091,2.6741,-3.3535
40.677,-5.8851,-3.8707,9.7619,-13.971,4.5078,-0.72913,2.8012,-4.2547,-9.3417,14.105,14.15,-11.123,4.3981,2.5106,-0.57725,-6.6136,-6.4486,-0.30739,0.42278,2.54,1.3163,5.4157,4.4861,-0.62384,-4.4366,2.6512,-0.63732,-1.2277,-0.64129,-0.27301,5.6335,-0.77431,1.9145,4.8104,-1.176,-1.5876,-2.3851,-2.5912,-1.3801,3.5162,0.6044,0.5451,-0.41608,-3.4285,-4.3413,-3.5022,1.5501
40.463,-7.5724,-4.9526,14.435,-9.6505,8.5476,-2.8916,3.4874,-5.7427,-7.3676,12.741,13.605,-11.434,7.0751,1.0347,-1.6474,-3.944,-0.4894,2.2533,-1.1001,0.1092,-1.3267,2.0884,4.159,1.9956,-6.783,4.1962,-3.2167,0.30133,4.8184,-0.22012,0.96256,-1.3164,1.8813,3.7315,-3.364,-1.4297,-0.15179,-4.3891,1.8321,2.8728,-1.1339,2.2346,0.15346,-2.551,0.39446,-3.7089,2.152
28.923,31.828,-2.8363,22.416,-11.583,-3.0398,2.3094,-1.7889,3.4012,-7.3823,-3.1788,-6.4879,7.3686,-6.0887,-2.4871,8.2174,-7.5093,2.1713,-1.174,-6.1345,0.48074,3.1448,-0.9346,-5.1186,-0.73749,1.5749,3.0667,-0.12632,0.75613,-2.1306,0.74981,2.3388,-4.0994,2.3606,-2.6442,-3.8723,4.3641,0.97243,6.9187,-0.10961,1.9343,-3.2039,-1.6313,0.14855,0.40636,2.1703,0.4217,2.562
26.257,30.378,-1.9409,23.374,-12.419,-2.004,5.7241,-4.7756,4.5716,-5.6188,-0.21745,-4.2028,10.81,-8.5398,-0.57452,9.5211,-11.626,3.6091,1.3075,-7.4865,2.3202,1.969,0.61074,-5.6607,4.8424,0.26462,6.223,1.6207,4.2184,0.14277,3.7022,4.6619,-1.2266,2.5702,-4.9482,-0.11774,1.0712,-0.12537,-1.734,-1.6355,-1.2726,0.23934,1.3581,3.4481,0.25712,0.10106,1.6121,-3.2625
24.207,30.065,-2.0333,23.102,-11.459,-0.099067,6.4484,-5.3979,3.5083,-4.5733,0.53312,-4.6252,11.386,-7.7892,-1.6951,9.1632,-11.564,3.9781,1.7839,-6.7696,1.5612,2.3769,0.95377,-5.8624,4.2081,0.23158,7.0886,1.6386,4.9524,0.29378,4.1984,4.0491,-1.2737,2.5771,-3.2127,0.39916,0.12657,0.023244,-3.3593,-2.9436,-2.2524,1.2744,2.4415,3.3362,-0.66009,-0.0017176,1.5889,-3.4874
-3.0673,-8.3789,-23.256,4.1852,-14.21,0.63831,13.528,8.5818,17.959,-6.7288,2.1761,-1.2402,5.7603,-2.3766,-2.0479,0.0094563,-1.2221,2.1909,15.752,-1.4329,-6.5234,5.3211,-2.2899,-7.3792,3.6755,1.9505,-7.0679,5.6152,-8.0082,1.9303,-5.6296,-5.4531,-0.73894,-3.687,-3.3023,6.0944,-2.6231,3.3201,-6.4983,-7.8515,-0.214,2.0039,-2.578,-1.2898,-4.8645,-2.6953,-1.9257,3.5881
-5.2903,-7.0338,-17.512,5.4522,-10.131,-15.414,5.1349,13.591,1.1943,-3.3132,2.7655,5.675,3.6848,5.3499,12.756,2.9417,-5.8336,0.026904,13.709,7.3037,2.7663,8.0364,3.2907,-1.6318,-7.9371,-0.93853,-2.4564,4.0942,-8.9254,8.398,7.9468,-0.76784,-0.50389,-5.0878,-4.5711,4.1209,-9.1183,-2.7692,6.1987,3.6542,4.0756,0.076108,-1.1449,-2.2877,-1.6014,-0.22232,-4.0349,-2.8092
0.10469,10.859,-14.013,9.2413,-4.1031,4.506,-23.099,6.3275,2.6811,-5.1713,-8.1293,-1.8446,2.9051,5.4674,-7.8369,2.2157,6.8781,8.65,10.85,10.201,3.1172,8.9204,-1.4285,-5.2597,10.06,3.185,-10.001,2.4531,6.6981,0.68915,4.2812,2.5418,8.2389,-0.98341,4.5284,-4.1921,-2.2385,-6.072,7.0884,4.5438,-3.4065,-7.4587,2.5168,2.4458,-2.9772,-2.104,-0.24775,0.028589
-27.851,-15.966,20.156,13.744,17.399,2.3618,-3.2744,-8.0901,18.952,-4.3727,11.923,-5.4572,6.8848,-2.9388,1.1764,0.54851,-7.9447,1.6765,1.6643,2.5083,3.7846,2.4015,-3.7634,7.8102,-9.5698,-6.9413,6.5621,6.4477,12.027,-1.011,-1.3916,3.8447,-0.012821,1.567,5.5792,5.494,-4.0172,1.8305,8.3869,0.77625,0.75606,5.6139,-1.3718,-7.2541,5.6858,2.8303,-4.1497,-0.076776
4.1799,-14.298,23.138,4.226,0.57321,4.9123,-3.5684,9.9419,15.227,-0.42502,-3.5962,-17.667,-7.9506,-2.7275,-5.1313,-6.6126,6.2769,-7.4496,-0.64334,-7.2034,0.56192,-5.1296,-2.5542,-7.3558,-1.3994,-2.7901,-4.9722,-10.559,-4.6478,10.531,3.2864,3.4779,-9.8632,5.1382,1.408,1.3733,-0.88316,2.5747,2.9256,-1.5537,-1.1907,-6.2389,-0.051018,-3.8005,1.4999,-6.7717,3.67,-4.8602
1.9525,-10.827,21.825,6.1144,20.831,0.054456,-5.3271,2.0221,23.626,-3.3516,7.3282,-8.133,-2.8159,-4.7055,-2.2216,-2.9499,-3.6427,3.926,0.49091,0.42992,-0.94369,4.1237,-8.2154,-1.2658,-7.8324,-1.3746,1.5458,-0.70515,1.6382,-1.4089,-2.7588,-0.55471,-3.5204,-1.2276,2.8295,-1.8118,-2.0182,-2.2126,0.94674,-4.7913,-1.7033,4.0362,2.6353,0.73646,-5.7934,-1.9285,-0.99379,-4.2376
-10.864,15.307,-28.626,-8.868,24.298,14.12,-10.208,0.35497,-3.881,2.5645,-6.4995,3.2134,7.6401,-9.454,1.3706,-1.6424,-6.1066,-3.2772,2.5886,3.6975,-5.492,-2.673,-0.86524,7.8803,0.12079,-1.7055,-5.4762,5.5467,-0.74695,1.0493,0.81973,3.1799,-6.2371,0.53242,0.67141,-4.0783,-3.1744,-3.3468,-0.11502,-2.0772,0.86725,-0.68676,-2.9471,6.7274,1.6209,-0.3693,0.2612,-1.6451
6.6402,38.828,-10.923,-4.6152,3.3448,-0.87187,4.2784,-4.4092,0.48151,10.072,6.3869,6.1619,4.2896,-0.91715,1.2923,-4.1872,7.635,-4.6006,4.9112,11.729,2.934,1.1688,7.8548,-0.72554,5.141,5.7214,1.9246,-1.7292,1.2252,-5.8283,-0.72717,4.2482,-0.56917,2.2184,-2.1704,7.1993,6.664,-7.3866,1.7899,-2.6046,-6.916,10.118,6.2573,-2.767,1.4509,-2.7339,-3.6304,-0.64093
-10.934,17.903,-29.641,-8.971,22.386,17.361,-10.531,1.5097,-2.588,2.1095,-6.5821,3.0197,7.9731,-8.1369,3.3694,-1.04,-5.7835,-6.2471,3.3417,3.1285,-7.5474,-3.3491,0.80789,8.4892,-0.51827,0.69645,-4.8267,3.8321,-0.074789,1.3566,-1.158,1.8501,-6.4333,1.5203,0.59787,-4.5765,-3.062,-4.352,-1.0397,-2.3966,0.8539,-2.3484,-2.3497,5.3613,2.0049,-0.80013,-1.3232,-2.871
5.0707,-24.705,-1.9509,-18.868,-7.1635,-3.9825,-0.64169,-0.84094,2.5216,-9.1598,-4.3388,-5.1506,5.3848,-5.0973,-3.9047,1.61,6.977,-13.549,3.5269,-0.88327,10.638,-3.1736,6.4133,-2.6346,-1.6714,-3.7103,3.3964,4.4595,-5.4357,3.9167,-5.357,1.3915,-4.1489,-1.6265,-4.7424,-1.9391,1.2818,-3.1001,1.9237,1.0541,-4.3682,2.7659,-1.0939,3.1065,-0.62614,5.6007,-0.55446,-1.3842
6.5449,-23.704,-0.59371,-15.369,-3.6018,-5.8956,3.5455,2.3177,1.284,-8.6812,13.792,-3.4955,-2.5823,0.16057,-1.5412,-2.1394,1.2159,-0.31449,2.9643,-0.80682,-7.6341,-3.1107,0.43896,-0.40727,1.803,0.51493,2.7877,2.3256,-1.9101,-0.9253,-3.0125,4.2453,-2.5731,1.3974,0.58186,-2.4658,3.0849,-1.3746,-0.29172,5.9762,-2.4812,-0.37016,-7.4109,1.1006,-1.6389,-0.37591,0.75858,-1.5144
9.7339,-15.188,-4.975,-22.389,-9.681,-11.672,1.316,4.2976,1.4996,-9.732,11.833,-7.4918,1.4226,-0.88303,-4.3733,-4.5994,2.5824,-4.3158,5.3635,-1.5538,3.9405,-0.38036,4.3074,1.889,-2.2895,1.4648,2.8494,1.6899,-2.719,-0.76683,-3.969,1.8539,-2.4171,1.7106,1.0368,0.4445,3.0583,-2.5273,-0.40616,4.9993,-1.0595,0.47317,-5.3741,2.17,-2.3634,2.1056,2.2649,-2.6573
43.931,14.027,-9.1159,-2.7349,-1.3727,7.4264,-3.7955,-1.149,-8.2034,-6.828,-4.5333,-2.3332,6.9372,0.33002,0.48532,2.0228,1.4772,6.2685,4.2925,4.0281,-4.0955,-8.2671,2.0469,-3.4966,-8.2066,-4.6179,-4.1973,-1.0979,0.87664,0.66741,1.3865,-0.19479,0.097821,1.849,1.7963,2.2556,3.7528,-2.6461,0.40295,1.3052,5.7202,0.6308,1.0807,-2.3255,1.0961,3.7952,3.1128,-3.0227
49.505,14.524,-10.638,-1.5884,8.0871,10.471,-1.1392,2.0523,-8.0427,1.7168,0.29061,-4.1268,7.8503,0.1094,3.5576,0.08317,1.1983,6.4057,2.3359,2.5885,-0.86188,-11.683,2.3385,-0.58617,-5.4912,-3.6072,0.24732,3.7823,-2.7193,6.1356,1.5398,-1.6195,4.5577,4.1853,4.4148,2.4391,2.2945,0.20757,1.4641,1.2875,3.5999,-0.99029,2.5748,-1.496,-3.5895,0.11622,1.5221,-1.4099
54.117,13.327,-7.6257,-4.3541,-5.7107,7.4061,-2.0126,2.4771,1.0835,3.127,-5.082,0.13591,-4.598,5.3862,-0.7349,7.5051,5.2241,4.6447,7.5854,6.1529,-4.3041,-1.9177,1.2181,-3.7251,-4.0306,-0.92519,2.6866,0.58548,-2.6914,-5.6261,-5.2293,0.92423,-1.9669,5.3106,-0.12533,-0.83285,-0.27209,2.5772,-2.1221,1.4694,-8.5599,-0.60196,0.52511,-4.3011,-0.66288,0.56421,4.0064,5.2798
-14.748,-10.049,-21.741,5.8572,8.4331,10.777,9.4768,9.0494,2.3835,5.8462,-2.2453,-5.1546,-8.493,12.546,-1.559,6.1319,-4.1853,8.2083,3.6643,-4.002,9.0166,-7.7683,0.69428,5.7399,5.7356,-0.18449,-0.64874,2.7462,1.1767,-6.9049,-3.2316,6.7539,-4.0707,-1.7919,1.2146,6.3841,-4.8113,-0.94168,-4.8435,-2.1019,0.0065918,-4.3618,-3.2401,-5.6036,-1.9301,1.2641,6.31,2.8018
-23.176,-14.532,-11.846,6.782,16.431,9.7591,-9.8095,-1.1503,1.5385,-8.5295,-8.8049,1.548,1.2691,4.0511,-4.3349,-1.5678,-2.2858,8.7854,-6.9231,0.54151,1.3537,1.482,0.39336,2.9214,-1.532,2.4306,-0.017639,-2.9449,-3.5589,2.8229,-5.0118,1.1608,3.0546,3.6839,-4.6803,1.9234,-2.0735,-2.372,-2.056,-2.0453,-1.6814,-0.75816,-2.7765,1.6947,3.8837,1.9701,-0.69459,0.047031
-23.582,-17.823,-14.366,14.373,21.275,10.401,-3.3961,2.1434,2.6768,0.24287,-10.318,-0.21664,0.78458,11.042,-5.9152,1.0318,-5.1496,5.59,-3.7914,-2.5651,-1.6674,-4.9139,1.2155,-1.2245,4.9758,3.8122,2.8871,-0.11291,-4.015,-2.3135,-0.48227,3.2305,-2.8233,4.027,-3.278,5.577,-4.7277,0.026209,0.86525,-1.457,0.27686,-3.5408,-3.9879,-2.2126,-1.5154,1.7119,0.5106,0.19418
